225
S 0.19868566120449307 -0.055305720468473867 0.259075415240277
S 3.6092119425632103 -0.09366134988933439 -0.09365478277967222
S 6.631685126202957 0.3069738916611635 -0.18778975437398085
S 9.217024017434387 -0.1853670771249849 -0.18629190142810276
S 12.096784908626415 -0.7653120978631192 -0.6899671330052132
S 14.775084988303611 -0.40513244813376953 0.12569893303810956
S -0.3632096302084844 2.4350785194658835 0.5862595075686217
S 2.909689479805386 3.0270112818751693 -0.5698992744853827
S 5.782246910189927 3.0443690358839466 -0.46039743096892116
S 9.150279207338269 2.759744524032478 -0.11667749991731072
S 11.75931735510824 3.740911273803575 -0.0053988898951735685
S 14.57691562841764 3.3290179648412757 -0.48833745998840894
S 0.08354543800190217 5.21613195044809 -0.5312744195593723
S 3.0787444943476494 6.295386631998165 0.0685473124759882
S 5.953740687044704 5.8795585217642845 -0.591408796146971
S 8.712062316642116 5.815744491616085 0.4228488904875663
S 12.137447315827384 5.294783937854906 0.129633587757918
S 14.845967087833474 5.729231199877616 0.24467051553634717
S 0.4123998089983804 9.37251204764648 -0.3356870092890554
S 2.8763150496595142 9.132505372561425 0.3902180508489437
S 5.808330304861884 8.925736409334473 -0.4425339896024113
S 8.521517350367732 9.32501032895768 0.5424960114283292
S 11.971195951367866 9.40141315915681 0.14465441001905366
S 14.74195209815795 9.144558242203365 0.6152146265863877
S -0.014330415643980616 12.625857462325602 -1.0478980416358978
S 3.3287610017500895 12.034818827295268 -0.11960294018634698
S 6.036704310614201 11.204972434159643 -0.08786875513500478
S 9.142845028604698 12.591157617896606 -0.20730808730945896
S 11.676602558842724 11.799297182566185 0.3661608470808297
S 15.131500443863874 11.788095918493184 0.20530697324534244
S 0.038831019739216155 15.387457996213156 -0.28082123755094096
S 2.868935141360893 14.843156738747137 -0.5854059792528474
S 6.11844811082583 15.104422108871956 0.002045382656984356
S 8.906165146649942 14.433851703179835 -0.16825812910614363
S 11.862914193389292 14.679089092311353 -0.06451428466640366
S 15.161620342725815 15.754474360484211 0.06983112513273558
S 0.10302015628910575 -0.029778366306466887 2.232491513880383
S 2.9893944498203133 0.024092083976410578 3.9852968449941146
S 5.923055614087551 0.120618936933445 2.9861152921179026
S 8.532528784952188 0.45712912580600823 3.30077321307471
S 12.316412778817218 -0.36375498191789557 3.56111772437444
S 14.439259574883089 0.23474283752010813 3.8761822503239913
S -0.39621453005227536 2.7734809081588914 3.0398605460350563
S 2.7986097383535204 2.379734627573547 3.0274251899224107
S 5.575078514509558 3.1894369722540725 2.6322303063064787
S 9.619973762007016 2.6866986830655053 2.8711753935177295
S 12.325406886947867 2.507654273426418 3.090983973841652
S 15.52285710171297 2.357006706175509 3.0738535434129215
S 0.10395311769936942 6.3127291487109245 2.505219715648767
S 2.4718173547662894 6.208776626246759 3.1187938692932744
S 6.10019714013835 6.138579283798791 2.727990111368604
S 9.092901478864402 6.1172289893194725 2.714259432789453
S 12.746309804457903 6.189533168364715 2.5234786011189403
S 15.262621443453533 5.610127331909071 3.3148338414969807
S 0.46343823160296166 8.671727072659316 3.385350451697729
S 3.165112370774599 9.328824063997796 3.758717193061579
S 5.901844753598851 8.698505534257004 2.6441942281497908
S 8.673675886013825 8.969159316234359 3.1364607899266574
S 12.110676319732008 9.33087329961441 3.005200756751163
S 15.581413630862926 8.894137266704817 4.0880676666358475
S 0.2502669391060025 11.657136977433487 2.571643000775555
S 3.192988966097274 11.91061488586966 3.2856001976368368
S 6.189295049829418 11.97086843493725 2.661282512772638
S 8.394061110125655 11.82139401917319 3.3425595177293888
S 12.085637497652082 11.501704488515205 3.0692723703404727
S 15.154126951891534 11.646457025519547 3.061490042378211
S 0.02328348737839996 14.54281188086775 3.143114944139313
S 3.2243138105472937 15.43322049727011 3.4215208208139614
S 5.448932252817164 14.624869984033952 3.206014106883464
S 9.205514380364884 15.20601907452242 4.541092596261889
S 12.228356204277267 15.45422625607224 3.3816007053972807
S 15.26055650052232 14.873892302143862 3.303587688197307
S -0.30913008581502877 -0.09472744269600356 5.805854580868359
S 3.032749655754529 0.9258634266694035 5.2530939229633
S 6.274504076149805 -0.6450863484758607 5.811227253684226
S 9.435580238786946 0.02571200763818511 5.568902088828278
S 11.713878516296013 0.27183909957387037 5.707853347313145
S 15.08658343583279 0.018228735961525515 5.7393598609576735
S 0.8575776357301303 3.2535676089272045 5.189942965336957
S 3.074581725907771 2.735285414092645 6.340973333918489
S 5.68299170462692 2.9541054234132402 6.201994911592183
S 9.34630207766805 2.5198814371776894 5.86619950566362
S 11.810021875535618 2.7386683069705153 6.706181696112439
S 15.161992684384382 2.4956464182659817 6.367144778821911
S 0.8488624788050534 6.412986104220459 5.3922520136183945
S 2.806306370853499 6.506764459674649 5.716932213752488
S 6.177527771258491 6.309853621371735 5.629227811368767
S 8.97618985757528 4.70349306397237 5.590244943466284
S 11.898972739442735 5.50088672721406 6.652964521572654
S 14.427943448815746 5.823982205321206 6.052296230914436
S 0.5765093156264463 8.425655139528224 6.4652655008619835
S 3.0040932244078347 8.607396539580819 6.1848413897053085
S 6.079623878229388 8.759913249136481 6.027920833996007
S 8.845874561255297 9.045406938100498 6.264852269808419
S 12.63440672645814 8.50487380046926 6.853213349862507
S 14.219164880190998 8.939285961985767 6.235326882593831
S 0.11239674709401307 11.750920192071762 5.91675109985709
S 2.802799626136467 11.764254097222315 6.33984083880841
S 6.142806194386019 11.722836161895739 6.3598399501733
S 9.122919808350643 12.325144847535585 6.251851536769445
S 11.668401995631172 11.775927583921213 6.298917442049305
S 15.244148106173386 11.991639362414341 6.046930953323513
S 0.5110659583153699 14.763371444465667 6.218838952468015
S 2.919122939026442 14.912927518709111 6.439510740794876
S 6.330166539595212 15.325403854400255 6.522191522861732
S 9.008401536653103 15.272781188517985 5.875893297362618
S 12.129666540995377 14.947942778252926 6.0387983859970875
S 15.238062810174766 14.672711726706611 6.8369549102741844
S -0.4024069525998808 -0.48567544511509286 9.463244349400027
S 3.3166650775851743 0.24964792682086206 9.251338203705712
S 5.995101290861234 -0.35890174859433266 9.030321823277491
S 8.729135315395155 0.3900478933671005 8.941177047399144
S 11.669801121282996 -0.1285543366611974 9.16517258171025
S 14.77451017887841 -0.3288881582265726 9.097474884596766
S 0.09798662844348911 2.797222729851548 8.811584677752672
S 3.0928199749430547 2.4207662634010703 8.437014490249378
S 5.712622311499025 2.914621139315261 9.124363026239202
S 9.59014248677982 3.343063849280808 8.936024588014629
S 11.992393516838925 2.5989882541448766 8.992594745603045
S 14.884536544431946 3.129087424135236 8.669107622579071
S 0.20773860569646893 6.613095565201031 8.956495940617257
S 3.1606846888395768 6.276057596684445 8.839511811245666
S 6.0896369927241665 6.005036960312718 9.039070439419532
S 8.690796086457814 6.009804069703577 9.19919931649818
S 12.580457443118016 6.383708330434083 9.861272983004623
S 14.69306097484478 6.348928254688271 9.07333680229534
S 0.875921173287069 8.676680685857939 8.66411126312769
S 2.760242941822391 8.150441710276077 8.789697991327696
S 5.6963469353785205 9.060157514590482 9.136702390310864
S 9.750468335686355 9.38016953527442 8.769238537735038
S 11.640634131460656 9.196767668602602 8.471906717191743
S 15.732583506341742 9.471776048288515 8.812329739158118
S -0.685253811636351 12.541548949666165 8.954184061898953
S 3.495126524789385 11.362228936482254 8.76024999081849
S 6.002097479887273 12.018792237505897 8.819973811408303
S 9.249139972939 11.572951828246962 8.943048205991483
S 12.048118252684759 12.2057755336235 9.284645951235555
S 14.550143163264853 11.386354331705752 9.511070728759403
S 0.13292560479183665 14.70060538537738 9.620460790209009
S 3.0462698537171433 15.47171887362553 9.027007392564043
S 6.824299169952795 15.702136336977281 8.900414340608371
S 9.388628380381743 15.25815037983406 9.547452623012939
S 11.614030615767959 15.274420583999376 9.423369794739836
S 14.296504205430754 14.52669659493369 8.18430712889596
S -0.10776273377782311 0.28701690231838495 12.600942820838412
S 3.0296379121679102 0.6514462182285168 11.447959416714044
S 5.318647024257938 -0.022219079558647513 12.153626179575722
S 8.986922100762364 -0.8269768400159507 11.964351984194884
S 11.478212199798058 0.2678690195320154 12.146639298438739
S 14.624048085469058 -0.20554676693467744 11.576314591244419
O 1.878877162974583 0.30757339302159115 -0.31158010230391514
O 8.12597317802581 -0.15129964008088703 -0.5041899608059794
O 13.39312280448319 -0.999319201966194 -0.5035938221224247
O 0.7940887677629114 3.516934953837082 0.022285537330310932
O 7.186372855567063 2.987648744251901 -0.33346868531944784
O 13.079728651949651 3.7806312993397952 0.05613490907713081
O 1.3689445071305648 5.525431994965254 -0.3413842324023496
O 6.412133035949176 5.241575081810764 0.46246975414810754
O 14.149694287230943 5.41239315304371 0.41777483686943917
O 1.7688574911463617 10.484061033486048 0.4750954853537749
O 7.113756791022502 8.743157192905905 -0.5925975171900701
O 13.437959479109798 8.970445402566368 -0.188966965536349
O 1.3985861393560437 11.897718943364676 0.09110616311790354
O 7.94243057238923 11.894875969501477 0.44438923433377847
O 13.434998824412347 11.44918286999838 0.894983541070949
O 1.669447098023918 14.700408905749564 -0.5092490796353375
O 7.162059327383982 14.216017013640162 0.2873646457880769
O 14.276033924245604 14.657354696870126 0.2278461149093943
O 1.2859502754059786 -0.19769329467090657 2.8719366097417014
O 6.882195891647943 0.3082826825476574 2.811064206031891
O 13.486018907162087 -0.0846013159785485 3.623070768602652
O 0.8381721393339834 2.345899235638886 3.3357993583090364
O 7.797893013308039 2.5470457297403684 2.7914357720837946
O 14.224686843679136 1.7645683773524148 3.2997628355792608
O 1.0228357326544908 6.488992354916105 2.5067031298540137
O 6.874596469235568 5.476887161405866 2.740358750743581
O 14.10835462464431 5.53810360009513 3.17459320481891
O 1.1496672762811966 8.973843648869629 3.087627342474671
O 7.0270258766854745 8.852791893772247 2.5461621629246434
O 13.692222757605537 9.51502240684539 3.315877463884246
O 2.055904797427695 11.331993189788525 3.140543270372309
O 7.868305528240697 10.907473427004305 2.6831629130628225
O 13.850711075644023 11.49286260260018 3.2138395557078656
O 1.3822045742765185 15.02265210405809 3.2200469883198055
O 7.794336141254947 15.017212866598673 4.008594416402757
O 13.579705565950807 14.969016789479053 3.169570921669446
O 1.519590641921069 0.24717419965859477 5.645384194674394
O 8.68520247692655 0.03876271095383921 5.559655258389116
O 13.88071654492998 -0.01819623144092261 4.908356790064268
O 1.562845156451989 2.2461097430995824 5.6248527560112
O 7.522014242823305 3.407568355205578 6.164868158133567
O 13.398367068436453 2.948919595091644 5.6522091138640205
O 1.9218302480727028 6.76822135950234 4.963157615373504
O 8.034360431699657 5.642071905669818 5.443621211857205
O 13.416570840571755 6.570711609389392 6.425376878266944
O 1.889589504537275 8.332781479738424 5.985115697497729
O 7.79488354636004 8.560226563254943 6.175013046789969
O 13.235722824618524 8.913671811526072 6.677734958342949
O 1.8726141643183998 11.55358058510514 6.020345995215402
O 7.241357515055408 11.846273200685218 6.456765940689314
O 13.759070497560419 11.514917343496728 6.520766565728674
O 2.2573495921928863 15.00352344287687 7.079893171654672
O 7.359768358482728 14.801230640134552 5.487554310550463
O 14.282282400180744 15.072073515021392 6.415642779771454
O 1.5691165130205749 -0.568209378066466 10.3355920683996
O 7.413806775918285 0.059330990228341075 9.276056084897794
O 13.414559342775389 -0.13916763773223245 8.815133950975383
O 1.78399064454767 3.3618042952163227 9.162467602463018
O 8.288657049795182 2.9243562237255603 8.634351879023482
O 13.388150262595575 2.8863278040555342 9.268527791479437
O 1.0072257953820951 7.056396708726983 8.834800716499865
O 7.219464111612022 5.602578764904081 8.457192209212549
O 13.966027442566165 6.3956454794365385 8.95132053275356
O 1.3000505487292835 8.279247318350956 9.39451323734345
O 7.619571094986996 8.618906343685211 8.854673238388573
O 13.57751939100213 8.25551720126893 8.620400281567806
O 1.3125625444930458 12.230371488999577 9.59679946433686
O 8.07624473823224 11.688316556654497 8.438900645203224
O 14.32847462927475 11.819752306270422 9.403430056762659
O 1.5799476944104887 15.165396033808596 9.26598992661695
O 7.8769989724151745 15.261399781909512 9.210832173724254
O 12.73789750214585 14.615420276395668 8.846410552894655
O 1.3589467022267014 1.0708287557065264 10.964063195419023
O 7.5893873032791355 0.07383611721175248 11.229632988922045
O 12.914055105001417 -0.11741522009964761 11.29847226695445
